# Z-Coordinate, Y-Displacement
-3.576279e-09, -3.577659e-02
4.999997e-03, -3.784109e-02
9.999996e-03, -4.001754e-02
1.500000e-02, -4.233104e-02
2.000000e-02, -4.473462e-02
2.500000e-02, -4.725819e-02
3.000000e-02, -4.983904e-02
3.500000e-02, -5.251686e-02
4.000000e-02, -5.522061e-02
4.500000e-02, -5.799854e-02
5.000000e-02, -6.077733e-02
5.500000e-02, -6.361013e-02
5.999999e-02, -6.642761e-02
6.500000e-02, -6.928197e-02
6.999999e-02, -7.211301e-02
7.500000e-02, -7.496653e-02
8.000000e-02, -7.779458e-02
8.499999e-02, -8.063305e-02
9.000000e-02, -8.344722e-02
9.500000e-02, -8.626180e-02
9.999999e-02, -8.905454e-02
1.050000e-01, -9.183957e-02
1.100000e-01, -9.460526e-02
1.150000e-01, -9.735683e-02
1.200000e-01, -1.000909e-01
1.250000e-01, -1.028060e-01
1.300000e-01, -1.055046e-01
1.350000e-01, -1.081806e-01
1.400000e-01, -1.108403e-01
1.450000e-01, -1.134750e-01
1.500000e-01, -1.160929e-01
1.550000e-01, -1.186841e-01
1.600000e-01, -1.212574e-01
1.650000e-01, -1.238031e-01
1.700000e-01, -1.263296e-01
1.750000e-01, -1.288278e-01
1.800000e-01, -1.313054e-01
1.850000e-01, -1.337542e-01
1.900000e-01, -1.361811e-01
1.950000e-01, -1.385786e-01
2.000000e-01, -1.409528e-01
2.050000e-01, -1.432973e-01
2.100000e-01, -1.456170e-01
2.150000e-01, -1.479066e-01
2.200000e-01, -1.501701e-01
2.250000e-01, -1.524029e-01
2.300000e-01, -1.546083e-01
2.350000e-01, -1.567827e-01
2.400000e-01, -1.589283e-01
2.450000e-01, -1.610422e-01
2.500000e-01, -1.631263e-01
2.550000e-01, -1.651781e-01
2.600000e-01, -1.671989e-01
2.650000e-01, -1.691869e-01
2.700000e-01, -1.711430e-01
2.750000e-01, -1.730655e-01
2.800000e-01, -1.749552e-01
2.850000e-01, -1.768106e-01
2.900000e-01, -1.786324e-01
2.950000e-01, -1.804193e-01
3.000000e-01, -1.821715e-01
3.050000e-01, -1.838881e-01
3.100000e-01, -1.855692e-01
3.150000e-01, -1.872139e-01
3.200000e-01, -1.888220e-01
3.250000e-01, -1.903928e-01
3.300000e-01, -1.919260e-01
3.350000e-01, -1.934209e-01
3.400000e-01, -1.948771e-01
3.450000e-01, -1.962939e-01
3.500000e-01, -1.976709e-01
3.550000e-01, -1.990072e-01
3.600000e-01, -2.003026e-01
3.650000e-01, -2.015562e-01
3.700000e-01, -2.027675e-01
3.750000e-01, -2.039358e-01
3.800000e-01, -2.050607e-01
3.850000e-01, -2.061415e-01
3.900000e-01, -2.071776e-01
3.950000e-01, -2.081686e-01
4.000000e-01, -2.091138e-01
4.050000e-01, -2.100127e-01
4.100000e-01, -2.108649e-01
4.150000e-01, -2.116698e-01
4.200000e-01, -2.124269e-01
4.250000e-01, -2.131359e-01
4.300000e-01, -2.137963e-01
4.350000e-01, -2.144075e-01
4.400000e-01, -2.149692e-01
4.450000e-01, -2.154810e-01
4.500000e-01, -2.159425e-01
4.550000e-01, -2.163532e-01
4.600000e-01, -2.167129e-01
4.650000e-01, -2.170210e-01
4.700000e-01, -2.172773e-01
4.750000e-01, -2.174815e-01
4.800000e-01, -2.176332e-01
4.850000e-01, -2.177322e-01
4.900000e-01, -2.177782e-01
4.950000e-01, -2.177711e-01
5.000000e-01, -2.177106e-01
5.050000e-01, -2.175967e-01
5.100000e-01, -2.174293e-01
5.150000e-01, -2.172083e-01
5.200000e-01, -2.169338e-01
5.250000e-01, -2.166059e-01
5.300000e-01, -2.162246e-01
5.350000e-01, -2.157900e-01
5.400000e-01, -2.153024e-01
5.450000e-01, -2.147620e-01
5.500000e-01, -2.141691e-01
5.550000e-01, -2.135238e-01
5.600000e-01, -2.128265e-01
5.650000e-01, -2.120776e-01
5.700000e-01, -2.112773e-01
5.750000e-01, -2.104261e-01
5.800000e-01, -2.095242e-01
5.850000e-01, -2.085721e-01
5.900000e-01, -2.075702e-01
5.950000e-01, -2.065189e-01
6.000000e-01, -2.054185e-01
6.050000e-01, -2.042696e-01
6.100000e-01, -2.030726e-01
6.149999e-01, -2.018279e-01
6.199999e-01, -2.005361e-01
6.249999e-01, -1.991976e-01
6.299999e-01, -1.978129e-01
6.349999e-01, -1.963827e-01
6.399999e-01, -1.949074e-01
6.449999e-01, -1.933876e-01
6.500000e-01, -1.918240e-01
6.550000e-01, -1.902170e-01
6.600000e-01, -1.885674e-01
6.650000e-01, -1.868757e-01
6.700000e-01, -1.851425e-01
6.750000e-01, -1.833684e-01
6.799999e-01, -1.815540e-01
6.849999e-01, -1.796998e-01
6.899999e-01, -1.778065e-01
6.949999e-01, -1.758746e-01
6.999999e-01, -1.739045e-01
7.049999e-01, -1.718969e-01
7.100000e-01, -1.698520e-01
7.150000e-01, -1.677705e-01
7.200000e-01, -1.656528e-01
7.250000e-01, -1.634992e-01
7.300000e-01, -1.613102e-01
7.350000e-01, -1.590862e-01
7.399999e-01, -1.568276e-01
7.449999e-01, -1.545347e-01
7.499999e-01, -1.522080e-01
7.549999e-01, -1.498477e-01
7.599999e-01, -1.474545e-01
7.649999e-01, -1.450285e-01
7.699999e-01, -1.425703e-01
7.750000e-01, -1.400802e-01
7.800000e-01, -1.375586e-01
7.850000e-01, -1.350060e-01
7.900000e-01, -1.324228e-01
7.950000e-01, -1.298094e-01
8.000000e-01, -1.271662e-01
8.049999e-01, -1.244936e-01
8.099999e-01, -1.217921e-01
8.149999e-01, -1.190621e-01
8.199999e-01, -1.163039e-01
8.249999e-01, -1.135181e-01
8.299999e-01, -1.107050e-01
8.350000e-01, -1.078650e-01
8.400000e-01, -1.049985e-01
8.450000e-01, -1.021061e-01
8.500000e-01, -9.918803e-02
8.550000e-01, -9.624485e-02
8.600000e-01, -9.327701e-02
8.649999e-01, -9.028500e-02
8.699999e-01, -8.726934e-02
8.749999e-01, -8.423060e-02
8.799999e-01, -8.116935e-02
8.849999e-01, -7.808623e-02
8.899999e-01, -7.498186e-02
8.949999e-01, -7.185697e-02
8.999999e-01, -6.871226e-02
9.049999e-01, -6.554849e-02
9.099999e-01, -6.236646e-02
9.149999e-01, -5.916698e-02
9.199999e-01, -5.595089e-02
9.249999e-01, -5.271906e-02
9.299999e-01, -4.947238e-02
9.349999e-01, -4.621174e-02
9.399999e-01, -4.293806e-02
9.449999e-01, -3.965225e-02
9.499999e-01, -3.635522e-02
9.549999e-01, -3.304798e-02
9.599999e-01, -2.973145e-02
9.649999e-01, -2.640657e-02
9.699999e-01, -2.307433e-02
9.749999e-01, -1.973569e-02
9.799999e-01, -1.639165e-02
9.849999e-01, -1.304320e-02
9.899999e-01, -9.691359e-03
9.949999e-01, -6.337150e-03
9.999999e-01, -2.981617e-03
1.005000e+00, 3.741868e-04
1.010000e+00, 3.729184e-03
1.015000e+00, 7.082307e-03
1.020000e+00, 1.043245e-02
1.025000e+00, 1.377854e-02
1.030000e+00, 1.711945e-02
1.035000e+00, 2.045411e-02
1.040000e+00, 2.378148e-02
1.045000e+00, 2.710035e-02
1.050000e+00, 3.040971e-02
1.055000e+00, 3.370854e-02
1.060000e+00, 3.699579e-02
1.065000e+00, 4.027048e-02
1.070000e+00, 4.353164e-02
1.075000e+00, 4.677833e-02
1.080000e+00, 5.000964e-02
1.085000e+00, 5.322471e-02
1.090000e+00, 5.642269e-02
1.095000e+00, 5.960277e-02
1.100000e+00, 6.276415e-02
1.105000e+00, 6.590609e-02
1.110000e+00, 6.902786e-02
1.115000e+00, 7.212871e-02
1.120000e+00, 7.520796e-02
1.125000e+00, 7.826494e-02
1.130000e+00, 8.129897e-02
1.135000e+00, 8.430939e-02
1.140000e+00, 8.729558e-02
1.145000e+00, 9.025689e-02
1.150000e+00, 9.319272e-02
1.155000e+00, 9.610246e-02
1.160000e+00, 9.898554e-02
1.165000e+00, 1.018414e-01
1.170000e+00, 1.046695e-01
1.175000e+00, 1.074693e-01
1.180000e+00, 1.102403e-01
1.185000e+00, 1.129820e-01
1.190000e+00, 1.156939e-01
1.195000e+00, 1.183757e-01
1.200000e+00, 1.210270e-01
1.205000e+00, 1.236473e-01
1.210000e+00, 1.262364e-01
1.215000e+00, 1.287937e-01
1.220000e+00, 1.313191e-01
1.225000e+00, 1.338122e-01
1.230000e+00, 1.362726e-01
1.235000e+00, 1.387000e-01
1.240000e+00, 1.410941e-01
1.245000e+00, 1.434546e-01
1.250000e+00, 1.457810e-01
1.255000e+00, 1.480731e-01
1.260000e+00, 1.503305e-01
1.265000e+00, 1.525526e-01
1.270000e+00, 1.547392e-01
1.275000e+00, 1.568898e-01
1.280000e+00, 1.590039e-01
1.285000e+00, 1.610811e-01
1.290000e+00, 1.631209e-01
1.295000e+00, 1.651227e-01
1.300000e+00, 1.670862e-01
1.305000e+00, 1.690108e-01
1.310000e+00, 1.708960e-01
1.315000e+00, 1.727413e-01
1.320000e+00, 1.745462e-01
1.325000e+00, 1.763102e-01
1.330000e+00, 1.780329e-01
1.335000e+00, 1.797137e-01
1.340000e+00, 1.813521e-01
1.345000e+00, 1.829477e-01
1.350000e+00, 1.844999e-01
1.355000e+00, 1.860082e-01
1.360000e+00, 1.874722e-01
1.365000e+00, 1.888913e-01
1.370000e+00, 1.902649e-01
1.375000e+00, 1.915926e-01
1.380000e+00, 1.928737e-01
1.385000e+00, 1.941078e-01
1.390000e+00, 1.952943e-01
1.395000e+00, 1.964326e-01
1.400000e+00, 1.975221e-01
1.405000e+00, 1.985624e-01
1.410000e+00, 1.995528e-01
1.415000e+00, 2.004927e-01
1.420000e+00, 2.013817e-01
1.425000e+00, 2.022193e-01
1.430000e+00, 2.030050e-01
1.435000e+00, 2.037383e-01
1.440000e+00, 2.044189e-01
1.445000e+00, 2.050463e-01
1.450000e+00, 2.056202e-01
1.455000e+00, 2.061403e-01
1.460000e+00, 2.066063e-01
1.465000e+00, 2.070180e-01
1.470000e+00, 2.073752e-01
1.475000e+00, 2.076777e-01
1.480000e+00, 2.079254e-01
1.485000e+00, 2.081181e-01
1.490000e+00, 2.082558e-01
1.495000e+00, 2.083385e-01
1.500000e+00, 2.083661e-01
1.505000e+00, 2.083385e-01
1.510000e+00, 2.082558e-01
1.515000e+00, 2.081181e-01
1.520000e+00, 2.079254e-01
1.525000e+00, 2.076777e-01
1.530000e+00, 2.073752e-01
1.535000e+00, 2.070180e-01
1.540000e+00, 2.066063e-01
1.545000e+00, 2.061403e-01
1.550000e+00, 2.056202e-01
1.555000e+00, 2.050463e-01
1.560000e+00, 2.044189e-01
1.565000e+00, 2.037383e-01
1.570000e+00, 2.030050e-01
1.575000e+00, 2.022193e-01
1.580000e+00, 2.013817e-01
1.585000e+00, 2.004927e-01
1.590000e+00, 1.995527e-01
1.595000e+00, 1.985624e-01
1.600000e+00, 1.975221e-01
1.605000e+00, 1.964326e-01
1.610000e+00, 1.952943e-01
1.615000e+00, 1.941078e-01
1.620000e+00, 1.928737e-01
1.625000e+00, 1.915926e-01
1.630000e+00, 1.902649e-01
1.635000e+00, 1.888912e-01
1.640000e+00, 1.874722e-01
1.645000e+00, 1.860082e-01
1.650000e+00, 1.844999e-01
1.655000e+00, 1.829477e-01
1.660000e+00, 1.813521e-01
1.665000e+00, 1.797137e-01
1.670000e+00, 1.780329e-01
1.675000e+00, 1.763102e-01
1.680000e+00, 1.745462e-01
1.685000e+00, 1.727413e-01
1.690000e+00, 1.708960e-01
1.695000e+00, 1.690108e-01
1.700000e+00, 1.670862e-01
1.705000e+00, 1.651227e-01
1.710000e+00, 1.631208e-01
1.715000e+00, 1.610811e-01
1.720000e+00, 1.590039e-01
1.725000e+00, 1.568898e-01
1.730000e+00, 1.547392e-01
1.735000e+00, 1.525526e-01
1.740000e+00, 1.503305e-01
1.745000e+00, 1.480731e-01
1.750000e+00, 1.457810e-01
1.755000e+00, 1.434546e-01
1.760000e+00, 1.410941e-01
1.765000e+00, 1.387000e-01
1.770000e+00, 1.362725e-01
1.775000e+00, 1.338121e-01
1.780000e+00, 1.313191e-01
1.785000e+00, 1.287937e-01
1.790000e+00, 1.262363e-01
1.795000e+00, 1.236473e-01
1.800000e+00, 1.210270e-01
1.805000e+00, 1.183757e-01
1.810000e+00, 1.156939e-01
1.815000e+00, 1.129819e-01
1.820000e+00, 1.102403e-01
1.825000e+00, 1.074693e-01
1.830000e+00, 1.046695e-01
1.835000e+00, 1.018414e-01
1.840000e+00, 9.898560e-02
1.845000e+00, 9.610252e-02
1.850000e+00, 9.319277e-02
1.855000e+00, 9.025695e-02
1.860000e+00, 8.729564e-02
1.865000e+00, 8.430946e-02
1.870000e+00, 8.129903e-02
1.875000e+00, 7.826500e-02
1.880000e+00, 7.520795e-02
1.885000e+00, 7.212870e-02
1.890000e+00, 6.902784e-02
1.895000e+00, 6.590609e-02
1.900000e+00, 6.276415e-02
1.905000e+00, 5.960276e-02
1.910000e+00, 5.642268e-02
1.915000e+00, 5.322471e-02
1.920000e+00, 5.000963e-02
1.925000e+00, 4.677832e-02
1.930000e+00, 4.353163e-02
1.935000e+00, 4.027047e-02
1.940000e+00, 3.699578e-02
1.945000e+00, 3.370853e-02
1.950000e+00, 3.040970e-02
1.955000e+00, 2.710034e-02
1.960000e+00, 2.378147e-02
1.965000e+00, 2.045418e-02
1.970000e+00, 1.711952e-02
1.975000e+00, 1.377860e-02
1.980000e+00, 1.043252e-02
1.985000e+00, 7.082371e-03
1.990000e+00, 3.729254e-03
1.995000e+00, 3.742501e-04
2.000000e+00, -2.981549e-03
2.005000e+00, -6.337164e-03
2.010000e+00, -9.691290e-03
2.015000e+00, -1.304322e-02
2.020000e+00, -1.639158e-02
2.025000e+00, -1.973571e-02
2.030000e+00, -2.307426e-02
2.035000e+00, -2.640659e-02
2.040000e+00, -2.973137e-02
2.045000e+00, -3.304799e-02
2.050000e+00, -3.635515e-02
2.055000e+00, -3.965222e-02
2.060000e+00, -4.293795e-02
2.065000e+00, -4.621171e-02
2.070000e+00, -4.947243e-02
2.075000e+00, -5.271904e-02
2.080000e+00, -5.595094e-02
2.085000e+00, -5.916695e-02
2.090000e+00, -6.236650e-02
2.095000e+00, -6.554846e-02
2.100000e+00, -6.871230e-02
2.105000e+00, -7.185694e-02
2.110000e+00, -7.498191e-02
2.115000e+00, -7.808620e-02
2.120000e+00, -8.116940e-02
2.125000e+00, -8.423057e-02
2.130000e+00, -8.726940e-02
2.135000e+00, -9.028497e-02
2.140000e+00, -9.327705e-02
2.145000e+00, -9.624482e-02
2.150000e+00, -9.918807e-02
2.155000e+00, -1.021060e-01
2.160000e+00, -1.049986e-01
2.165000e+00, -1.078649e-01
2.170000e+00, -1.107050e-01
2.175000e+00, -1.135180e-01
2.180000e+00, -1.163039e-01
2.185000e+00, -1.190620e-01
2.190000e+00, -1.217921e-01
2.195000e+00, -1.244935e-01
2.200000e+00, -1.271662e-01
2.205000e+00, -1.298093e-01
2.210000e+00, -1.324228e-01
2.215000e+00, -1.350060e-01
2.220000e+00, -1.375586e-01
2.225000e+00, -1.400801e-01
2.230000e+00, -1.425703e-01
2.235000e+00, -1.450285e-01
2.240000e+00, -1.474545e-01
2.245000e+00, -1.498478e-01
2.250000e+00, -1.522079e-01
2.255000e+00, -1.545347e-01
2.260000e+00, -1.568275e-01
2.265000e+00, -1.590862e-01
2.270000e+00, -1.613102e-01
2.275000e+00, -1.634992e-01
2.280000e+00, -1.656528e-01
2.285000e+00, -1.677705e-01
2.290000e+00, -1.698520e-01
2.295000e+00, -1.718969e-01
2.300000e+00, -1.739045e-01
2.305000e+00, -1.758746e-01
2.310000e+00, -1.778065e-01
2.315000e+00, -1.796999e-01
2.320000e+00, -1.815539e-01
2.325000e+00, -1.833684e-01
2.330000e+00, -1.851424e-01
2.335000e+00, -1.868757e-01
2.340000e+00, -1.885674e-01
2.345000e+00, -1.902170e-01
2.350000e+00, -1.918239e-01
2.355000e+00, -1.933876e-01
2.360000e+00, -1.949074e-01
2.365000e+00, -1.963827e-01
2.370000e+00, -1.978129e-01
2.375000e+00, -1.991976e-01
2.380000e+00, -2.005361e-01
2.385000e+00, -2.018279e-01
2.390000e+00, -2.030726e-01
2.395000e+00, -2.042696e-01
2.400000e+00, -2.054185e-01
2.405000e+00, -2.065189e-01
2.410000e+00, -2.075702e-01
2.415000e+00, -2.085721e-01
2.420000e+00, -2.095242e-01
2.425000e+00, -2.104261e-01
2.430000e+00, -2.112773e-01
2.435000e+00, -2.120776e-01
2.440000e+00, -2.128265e-01
2.445000e+00, -2.135238e-01
2.450000e+00, -2.141691e-01
2.455000e+00, -2.147620e-01
2.460000e+00, -2.153024e-01
2.465000e+00, -2.157900e-01
2.470000e+00, -2.162246e-01
2.475000e+00, -2.166059e-01
2.480000e+00, -2.169338e-01
2.485000e+00, -2.172083e-01
2.490000e+00, -2.174293e-01
2.495000e+00, -2.175967e-01
2.500000e+00, -2.177106e-01
2.505000e+00, -2.177711e-01
2.510000e+00, -2.177782e-01
2.515000e+00, -2.177322e-01
2.520000e+00, -2.176332e-01
2.525000e+00, -2.174815e-01
2.530000e+00, -2.172773e-01
2.535000e+00, -2.170210e-01
2.540000e+00, -2.167129e-01
2.545000e+00, -2.163532e-01
2.550000e+00, -2.159425e-01
2.555000e+00, -2.154810e-01
2.560000e+00, -2.149692e-01
2.565000e+00, -2.144075e-01
2.570000e+00, -2.137963e-01
2.575000e+00, -2.131359e-01
2.580000e+00, -2.124269e-01
2.585000e+00, -2.116698e-01
2.590000e+00, -2.108649e-01
2.595000e+00, -2.100127e-01
2.600000e+00, -2.091138e-01
2.605000e+00, -2.081686e-01
2.610000e+00, -2.071777e-01
2.615000e+00, -2.061415e-01
2.620000e+00, -2.050607e-01
2.625000e+00, -2.039358e-01
2.630000e+00, -2.027675e-01
2.635000e+00, -2.015562e-01
2.640000e+00, -2.003026e-01
2.645000e+00, -1.990072e-01
2.650000e+00, -1.976709e-01
2.655000e+00, -1.962939e-01
2.660000e+00, -1.948771e-01
2.665000e+00, -1.934209e-01
2.670000e+00, -1.919260e-01
2.675000e+00, -1.903928e-01
2.680000e+00, -1.888219e-01
2.685000e+00, -1.872139e-01
2.690000e+00, -1.855692e-01
2.695000e+00, -1.838881e-01
2.700000e+00, -1.821715e-01
2.705000e+00, -1.804193e-01
2.710000e+00, -1.786324e-01
2.715000e+00, -1.768107e-01
2.720000e+00, -1.749551e-01
2.725000e+00, -1.730655e-01
2.730000e+00, -1.711430e-01
2.735000e+00, -1.691869e-01
2.740000e+00, -1.671989e-01
2.745000e+00, -1.651781e-01
2.750000e+00, -1.631263e-01
2.755000e+00, -1.610422e-01
2.760000e+00, -1.589283e-01
2.765000e+00, -1.567827e-01
2.770000e+00, -1.546084e-01
2.775000e+00, -1.524030e-01
2.780000e+00, -1.501701e-01
2.785000e+00, -1.479067e-01
2.790000e+00, -1.456170e-01
2.795000e+00, -1.432973e-01
2.800000e+00, -1.409528e-01
2.805000e+00, -1.385787e-01
2.810000e+00, -1.361811e-01
2.815000e+00, -1.337543e-01
2.820000e+00, -1.313055e-01
2.825000e+00, -1.288279e-01
2.830000e+00, -1.263297e-01
2.835000e+00, -1.238032e-01
2.840000e+00, -1.212575e-01
2.845000e+00, -1.186840e-01
2.850000e+00, -1.160929e-01
2.855000e+00, -1.134750e-01
2.860000e+00, -1.108404e-01
2.865000e+00, -1.081806e-01
2.870000e+00, -1.055046e-01
2.875000e+00, -1.028060e-01
2.880000e+00, -1.000910e-01
2.885000e+00, -9.735683e-02
2.890000e+00, -9.460532e-02
2.895000e+00, -9.183957e-02
2.900000e+00, -8.905461e-02
2.905000e+00, -8.626180e-02
2.910000e+00, -8.344728e-02
2.915000e+00, -8.063307e-02
2.920000e+00, -7.779466e-02
2.925000e+00, -7.496655e-02
2.930000e+00, -7.211309e-02
2.935000e+00, -6.928200e-02
2.940000e+00, -6.642770e-02
2.945000e+00, -6.361016e-02
2.950000e+00, -6.077743e-02
2.955000e+00, -5.799857e-02
2.960000e+00, -5.522071e-02
2.965000e+00, -5.251689e-02
2.970000e+00, -4.983902e-02
2.975000e+00, -4.725822e-02
2.980000e+00, -4.473460e-02
2.985000e+00, -4.233107e-02
2.990000e+00, -4.001752e-02
2.995000e+00, -3.784112e-02
3.000000e+00, -3.577658e-02
